#Prof.inp
#z,thl,qt,u,v,tke
1 2.879998e+02 0 6.794763e+00 3.476406e+00 6.018462e-01 
3 2.879998e+02 0 7.435367e+00 3.803898e+00 6.538405e-01 
5 2.879998e+02 0 7.996864e+00 4.093876e+00 6.934154e-01 
7 2.879998e+02 0 8.405978e+00 4.307711e+00 6.995186e-01 
9 2.879998e+02 0 8.692889e+00 4.459803e+00 6.839178e-01 
11 2.879998e+02 0 8.900679e+00 4.571340e+00 6.607684e-01 
13 2.879998e+02 0 9.058862e+00 4.656214e+00 6.371002e-01 
15 2.879998e+02 0 9.185989e+00 4.723266e+00 6.155026e-01 
17 2.879998e+02 0 9.293415e+00 4.778278e+00 5.966123e-01 
19 2.879998e+02 0 9.384495e+00 4.823088e+00 5.809208e-01 
21 2.879998e+02 0 9.465021e+00 4.860784e+00 5.675520e-01 
23 2.879998e+02 0 9.538706e+00 4.893521e+00 5.558337e-01 
25 2.879998e+02 0 9.606908e+00 4.922338e+00 5.453473e-01 
27 2.879998e+02 0 9.669694e+00 4.947811e+00 5.356337e-01 
29 2.879998e+02 0 9.727866e+00 4.971010e+00 5.269969e-01 
3.211594e+01 2.879998e+02 0 9.812645e+00 5.004233e+00 5.147390e-01 
3.532535e+01 2.879998e+02 0 9.892872e+00 5.035043e+00 5.034310e-01 
3.863104e+01 2.879998e+02 0 9.970009e+00 5.064100e+00 4.932499e-01 
4.203591e+01 2.879998e+02 0 1.004506e+01 5.091562e+00 4.840553e-01 
4.554292e+01 2.879998e+02 0 1.011865e+01 5.118126e+00 4.749658e-01 
4.915514e+01 2.879998e+02 0 1.019093e+01 5.143004e+00 4.670655e-01 
5.287573e+01 2.879998e+02 0 1.026108e+01 5.166534e+00 4.596787e-01 
5.670794e+01 2.879998e+02 0 1.032964e+01 5.190239e+00 4.525423e-01 
6.065511e+01 2.879998e+02 0 1.039713e+01 5.212429e+00 4.458550e-01 
6.472070e+01 2.879998e+02 0 1.046350e+01 5.233238e+00 4.397038e-01 
6.890826e+01 2.879998e+02 0 1.052900e+01 5.253258e+00 4.342307e-01 
7.322144e+01 2.879998e+02 0 1.059477e+01 5.272709e+00 4.292471e-01 
7.766402e+01 2.879998e+02 0 1.066091e+01 5.291670e+00 4.239021e-01 
8.223988e+01 2.879998e+02 0 1.072737e+01 5.309857e+00 4.185989e-01 
8.695300e+01 2.879998e+02 0 1.079425e+01 5.328042e+00 4.124972e-01 
9.180753e+01 2.879998e+02 0 1.086151e+01 5.346272e+00 4.061781e-01 
9.680769e+01 2.879998e+02 0 1.092966e+01 5.362967e+00 4.010118e-01 
1.019579e+02 2.879998e+02 0 1.099873e+01 5.378397e+00 3.965419e-01 
1.072625e+02 2.879998e+02 0 1.106926e+01 5.393792e+00 3.918834e-01 
1.127263e+02 2.879998e+02 0 1.114205e+01 5.409306e+00 3.875947e-01 
1.183541e+02 2.879998e+02 0 1.121832e+01 5.423178e+00 3.837631e-01 
1.241506e+02 2.879997e+02 0 1.129758e+01 5.435739e+00 3.795942e-01 
1.301211e+02 2.879997e+02 0 1.137795e+01 5.447124e+00 3.748523e-01 
1.362706e+02 2.879997e+02 0 1.145836e+01 5.457005e+00 3.696516e-01 
1.426047e+02 2.879997e+02 0 1.153826e+01 5.465919e+00 3.644779e-01 
1.491288e+02 2.879997e+02 0 1.161690e+01 5.472654e+00 3.588099e-01 
1.558486e+02 2.879997e+02 0 1.169630e+01 5.477318e+00 3.532397e-01 
1.627700e+02 2.879997e+02 0 1.177576e+01 5.480501e+00 3.480349e-01 
1.698990e+02 2.879997e+02 0 1.185530e+01 5.483598e+00 3.423252e-01 
1.772419e+02 2.879997e+02 0 1.193085e+01 5.484359e+00 3.367906e-01 
1.848051e+02 2.879997e+02 0 1.200700e+01 5.485266e+00 3.302111e-01 
1.925952e+02 2.879997e+02 0 1.207973e+01 5.482406e+00 3.238381e-01 
2.006190e+02 2.879997e+02 0 1.215319e+01 5.474957e+00 3.176424e-01 
2.088835e+02 2.879997e+02 0 1.222680e+01 5.466535e+00 3.117964e-01 
2.173959e+02 2.879997e+02 0 1.230109e+01 5.454276e+00 3.063740e-01 
2.261637e+02 2.879997e+02 0 1.237664e+01 5.438980e+00 2.999363e-01 
2.351946e+02 2.879997e+02 0 1.245318e+01 5.422043e+00 2.935757e-01 
2.444963e+02 2.879997e+02 0 1.253063e+01 5.405769e+00 2.865532e-01 
2.540772e+02 2.879997e+02 0 1.260983e+01 5.386559e+00 2.789323e-01 
2.639454e+02 2.879997e+02 0 1.268801e+01 5.366594e+00 2.709179e-01 
2.741097e+02 2.879997e+02 0 1.276738e+01 5.345643e+00 2.627825e-01 
2.845789e+02 2.879997e+02 0 1.284306e+01 5.324854e+00 2.535763e-01 
2.953622e+02 2.879997e+02 0 1.292036e+01 5.304206e+00 2.442483e-01 
3.064690e+02 2.879997e+02 0 1.299773e+01 5.280863e+00 2.360543e-01 
3.179091e+02 2.879997e+02 0 1.307516e+01 5.255236e+00 2.278027e-01 
3.296923e+02 2.879997e+02 0 1.315251e+01 5.226433e+00 2.189953e-01 
3.418289e+02 2.879997e+02 0 1.323146e+01 5.192636e+00 2.107206e-01 
3.543298e+02 2.879997e+02 0 1.330698e+01 5.153887e+00 2.022508e-01 
3.672056e+02 2.879997e+02 0 1.337669e+01 5.112462e+00 1.947534e-01 
3.804677e+02 2.879997e+02 0 1.344370e+01 5.065590e+00 1.886244e-01 
3.941277e+02 2.879997e+02 0 1.350659e+01 5.014807e+00 1.823819e-01 
4.081974e+02 2.879997e+02 0 1.356489e+01 4.961645e+00 1.760738e-01 
4.226893e+02 2.879997e+02 0 1.361792e+01 4.906703e+00 1.693609e-01 
4.376159e+02 2.879997e+02 0 1.367104e+01 4.851842e+00 1.618886e-01 
4.529903e+02 2.879997e+02 0 1.372274e+01 4.792011e+00 1.539075e-01 
4.688260e+02 2.879996e+02 0 1.377735e+01 4.728513e+00 1.459007e-01 
4.851367e+02 2.879996e+02 0 1.383352e+01 4.659895e+00 1.387233e-01 
5.019367e+02 2.879996e+02 0 1.389128e+01 4.589022e+00 1.313341e-01 
5.192407e+02 2.879996e+02 0 1.394732e+01 4.517665e+00 1.250827e-01 
5.370639e+02 2.879996e+02 0 1.399813e+01 4.453623e+00 1.186530e-01 
5.554218e+02 2.879996e+02 0 1.404394e+01 4.392456e+00 1.109966e-01 
5.743303e+02 2.879996e+02 0 1.408784e+01 4.329823e+00 1.044814e-01 
5.938062e+02 2.879996e+02 0 1.413426e+01 4.257635e+00 9.926203e-02 
6.138663e+02 2.879996e+02 0 1.417274e+01 4.180863e+00 9.387781e-02 
6.345282e+02 2.879996e+02 0 1.419695e+01 4.098159e+00 8.823081e-02 
6.558100e+02 2.879996e+02 0 1.420857e+01 4.014784e+00 8.217288e-02 
6.777302e+02 2.879996e+02 0 1.420427e+01 3.925711e+00 7.624135e-02 
7.003080e+02 2.879995e+02 0 1.419841e+01 3.831226e+00 6.968113e-02 
7.235632e+02 2.879995e+02 0 1.419064e+01 3.740579e+00 6.292546e-02 
7.475161e+02 2.879995e+02 0 1.418033e+01 3.650543e+00 5.674282e-02 
7.721875e+02 2.879995e+02 0 1.416694e+01 3.578676e+00 5.062000e-02 
7.975991e+02 2.879995e+02 0 1.413522e+01 3.509463e+00 4.584589e-02 
8.237729e+02 2.879995e+02 0 1.409587e+01 3.453783e+00 4.134120e-02 
8.507321e+02 2.879995e+02 0 1.404800e+01 3.403696e+00 3.733453e-02 
8.785000e+02 2.879995e+02 0 1.399747e+01 3.357795e+00 3.285433e-02 
9.071009e+02 2.879995e+02 0 1.395411e+01 3.330708e+00 2.941529e-02 
9.365599e+02 2.879995e+02 0 1.390060e+01 3.302007e+00 2.568947e-02 
9.669026e+02 2.879995e+02 0 1.385195e+01 3.288314e+00 2.323688e-02 
9.981556e+02 2.879995e+02 0 1.379221e+01 3.271160e+00 1.982672e-02 
1.030346e+03 2.879995e+02 0 1.373692e+01 3.266446e+00 1.694664e-02 
1.063503e+03 2.879995e+02 0 1.367852e+01 3.284179e+00 1.369292e-02 
1.097654e+03 2.879995e+02 0 1.363281e+01 3.318143e+00 1.104914e-02 
1.132829e+03 2.879995e+02 0 1.357923e+01 3.356353e+00 8.204569e-03 
1.169060e+03 2.879996e+02 0 1.354973e+01 3.395029e+00 5.219792e-03 
1.206378e+03 2.879997e+02 0 1.352227e+01 3.445655e+00 2.745227e-03 
1.244815e+03 2.879999e+02 0 1.350446e+01 3.484148e+00 1.118939e-03 
1.284405e+03 2.880003e+02 0 1.349962e+01 3.501486e+00 3.995663e-04 
1.325183e+03 2.880005e+02 0 1.349909e+01 3.507267e+00 1.540329e-04 
1.367185e+03 2.880008e+02 0 1.349949e+01 3.509170e+00 6.286094e-05 
1.410446e+03 2.880009e+02 0 1.349980e+01 3.509751e+00 2.481930e-05 
1.455006e+03 2.880010e+02 0 1.349994e+01 3.509930e+00 9.450187e-06 
1.500902e+03 2.880009e+02 0 1.349999e+01 3.509987e+00 3.551457e-06 
1.548175e+03 2.880008e+02 0 1.350000e+01 3.509998e+00 1.313299e-06 
1.596866e+03 2.880009e+02 0 1.350000e+01 3.510000e+00 4.735613e-07 
1.647018e+03 2.880008e+02 0 1.350000e+01 3.510000e+00 1.668379e-07 
1.698674e+03 2.880013e+02 0 1.350000e+01 3.510000e+00 5.716505e-08 
1.751880e+03 2.880015e+02 0 1.350000e+01 3.510000e+00 1.904858e-08 
1.806683e+03 2.880010e+02 0 1.350000e+01 3.510000e+00 6.214587e-09 
1.863129e+03 2.880010e+02 0 1.350000e+01 3.510000e+00 1.978884e-09 
1.921269e+03 2.880008e+02 0 1.350000e+01 3.510000e+00 6.114867e-10 
1.981153e+03 2.880002e+02 0 1.350000e+01 3.510000e+00 1.843283e-10 
2.042833e+03 2.879998e+02 0 1.350000e+01 3.510000e+00 5.408832e-11 
2.106365e+03 2.879994e+02 0 1.350000e+01 3.510000e+00 1.536569e-11 
2.171801e+03 2.880002e+02 0 1.350000e+01 3.510000e+00 4.190874e-12 
2.239201e+03 2.880013e+02 0 1.350000e+01 3.510000e+00 1.096919e-12 
2.308623e+03 2.880011e+02 0 1.350000e+01 3.510000e+00 2.801504e-13 
2.380128e+03 2.880012e+02 0 1.350000e+01 3.510000e+00 7.021735e-14 
2.453778e+03 2.880010e+02 0 1.350000e+01 3.510000e+00 1.713030e-14 
2.529637e+03 2.880032e+02 0 1.350000e+01 3.510000e+00 4.286904e-15 
2.607772e+03 2.880032e+02 0 1.350000e+01 3.510000e+00 4.286904e-15 
