#Prof.inp
#z,thl,qt,u,v,tke
5.000000e-01 2.879998e+02 0 6.057816e+00 3.099305e+00 6.148448e-01 
1.500000e+00 2.879998e+02 0 6.954914e+00 3.558279e+00 6.148448e-01 
2.500000e+00 2.879998e+02 0 7.275216e+00 3.722025e+00 6.408420e-01 
3.500000e+00 2.879998e+02 0 7.577576e+00 3.877263e+00 6.640223e-01 
4.500000e+00 2.879998e+02 0 7.857101e+00 4.021671e+00 6.836177e-01 
5.500000e+00 2.879998e+02 0 8.110387e+00 4.152958e+00 6.974225e-01 
6.500000e+00 2.879998e+02 0 8.307447e+00 4.256126e+00 6.988199e-01 
7.500000e+00 2.879998e+02 0 8.495792e+00 4.354885e+00 6.987218e-01 
8.500000e+00 2.879998e+02 0 8.627191e+00 4.424830e+00 6.888525e-01 
9.500000e+00 2.879998e+02 0 8.758589e+00 4.494776e+00 6.789832e-01 
1.050000e+01 2.879998e+02 0 8.854885e+00 4.546628e+00 6.669374e-01 
1.150000e+01 2.879998e+02 0 8.946473e+00 4.596052e+00 6.545995e-01 
1.250000e+01 2.879998e+02 0 9.024822e+00 4.638074e+00 6.427953e-01 
1.350000e+01 2.879998e+02 0 9.092902e+00 4.674354e+00 6.314051e-01 
1.450000e+01 2.879998e+02 0 9.158640e+00 4.709205e+00 6.203216e-01 
1.550000e+01 2.879998e+02 0 9.213339e+00 4.737327e+00 6.106836e-01 
1.650000e+01 2.879998e+02 0 9.268038e+00 4.765448e+00 6.010455e-01 
1.750000e+01 2.879998e+02 0 9.316185e+00 4.789480e+00 5.926895e-01 
1.850000e+01 2.879998e+02 0 9.361725e+00 4.811885e+00 5.848437e-01 
1.950000e+01 2.879998e+02 0 9.406124e+00 4.833521e+00 5.772490e-01 
2.050000e+01 2.879998e+02 0 9.445389e+00 4.851696e+00 5.707843e-01 
2.150000e+01 2.879998e+02 0 9.484654e+00 4.869872e+00 5.643196e-01 
2.250000e+01 2.879998e+02 0 9.521333e+00 4.886119e+00 5.585013e-01 
2.350000e+01 2.879998e+02 0 9.556078e+00 4.900924e+00 5.531662e-01 
2.450000e+01 2.879998e+02 0 9.590823e+00 4.915730e+00 5.478311e-01 
2.550000e+01 2.879998e+02 0 9.622604e+00 4.928706e+00 5.429189e-01 
2.650000e+01 2.879998e+02 0 9.653997e+00 4.941442e+00 5.380621e-01 
2.750000e+01 2.879998e+02 0 9.685060e+00 4.954016e+00 5.332825e-01 
2.850000e+01 2.879998e+02 0 9.713597e+00 4.965346e+00 5.290921e-01 
2.950000e+01 2.879998e+02 0 9.742134e+00 4.976675e+00 5.249017e-01 
3.192726e+01 2.879998e+02 0 9.807676e+00 5.002305e+00 5.154495e-01 
3.442734e+01 2.879998e+02 0 9.871014e+00 5.026698e+00 5.064884e-01 
3.700243e+01 2.879998e+02 0 9.932593e+00 5.050079e+00 4.980762e-01 
3.965476e+01 2.879998e+02 0 9.993131e+00 5.072682e+00 4.903283e-01 
4.238667e+01 2.879998e+02 0 1.005271e+01 5.094344e+00 4.831313e-01 
4.520053e+01 2.879998e+02 0 1.011151e+01 5.115552e+00 4.758509e-01 
4.809881e+01 2.879998e+02 0 1.016987e+01 5.135786e+00 4.693397e-01 
5.108403e+01 2.879998e+02 0 1.022740e+01 5.155228e+00 4.632220e-01 
5.415882e+01 2.879998e+02 0 1.028413e+01 5.174535e+00 4.572706e-01 
5.732584e+01 2.879998e+02 0 1.034028e+01 5.193759e+00 4.514799e-01 
6.058788e+01 2.879998e+02 0 1.039603e+01 5.212080e+00 4.459591e-01 
6.394778e+01 2.879998e+02 0 1.045133e+01 5.229487e+00 4.407628e-01 
6.740848e+01 2.879998e+02 0 1.050582e+01 5.246281e+00 4.360210e-01 
7.097299e+01 2.879998e+02 0 1.056067e+01 5.262689e+00 4.319196e-01 
7.464445e+01 2.879998e+02 0 1.061617e+01 5.278937e+00 4.274841e-01 
7.842604e+01 2.879998e+02 0 1.067204e+01 5.294770e+00 4.230357e-01 
8.232108e+01 2.879998e+02 0 1.072854e+01 5.310168e+00 4.185021e-01 
8.633298e+01 2.879998e+02 0 1.078561e+01 5.325630e+00 4.133794e-01 
9.046523e+01 2.879998e+02 0 1.084302e+01 5.341420e+00 4.077548e-01 
9.472145e+01 2.879998e+02 0 1.090148e+01 5.356509e+00 4.029071e-01 
9.910535e+01 2.879998e+02 0 1.096068e+01 5.370063e+00 3.989315e-01 
1.036208e+02 2.879998e+02 0 1.102091e+01 5.383256e+00 3.951489e-01 
1.082717e+02 2.879998e+02 0 1.108265e+01 5.396708e+00 3.909715e-01 
1.130621e+02 2.879998e+02 0 1.114653e+01 5.410250e+00 3.873523e-01 
1.179962e+02 2.879998e+02 0 1.121344e+01 5.422351e+00 3.840002e-01 
1.230784e+02 2.879997e+02 0 1.128291e+01 5.433472e+00 3.803880e-01 
1.283130e+02 2.879997e+02 0 1.135374e+01 5.443791e+00 3.763182e-01 
1.337046e+02 2.879997e+02 0 1.142501e+01 5.453033e+00 3.718441e-01 
1.392580e+02 2.879997e+02 0 1.149629e+01 5.461302e+00 3.671866e-01 
1.449780e+02 2.879997e+02 0 1.156717e+01 5.468589e+00 3.624537e-01 
1.508696e+02 2.879997e+02 0 1.163756e+01 5.474021e+00 3.573397e-01 
1.569380e+02 2.879997e+02 0 1.170894e+01 5.477906e+00 3.523896e-01 
1.631884e+02 2.879997e+02 0 1.178051e+01 5.480686e+00 3.477145e-01 
1.696263e+02 2.879997e+02 0 1.185226e+01 5.483480e+00 3.425441e-01 
1.762573e+02 2.879997e+02 0 1.192075e+01 5.484254e+00 3.375475e-01 
1.830873e+02 2.879997e+02 0 1.198992e+01 5.485191e+00 3.316911e-01 
1.901222e+02 2.879997e+02 0 1.205671e+01 5.483558e+00 3.258437e-01 
1.973681e+02 2.879997e+02 0 1.212355e+01 5.477994e+00 3.201243e-01 
2.048314e+02 2.879997e+02 0 1.219082e+01 5.470897e+00 3.146066e-01 
2.125186e+02 2.879997e+02 0 1.225859e+01 5.461476e+00 3.095512e-01 
2.204365e+02 2.879997e+02 0 1.232736e+01 5.449092e+00 3.041146e-01 
2.285918e+02 2.879997e+02 0 1.239732e+01 5.434302e+00 2.982520e-01 
2.369918e+02 2.879997e+02 0 1.246811e+01 5.419032e+00 2.922347e-01 
2.456439e+02 2.879997e+02 0 1.254027e+01 5.403469e+00 2.856522e-01 
2.545554e+02 2.879997e+02 0 1.261360e+01 5.385599e+00 2.785371e-01 
2.637344e+02 2.879997e+02 0 1.268631e+01 5.367030e+00 2.710812e-01 
2.731887e+02 2.879997e+02 0 1.276073e+01 5.347531e+00 2.635787e-01 
2.829266e+02 2.879997e+02 0 1.283108e+01 5.327901e+00 2.550836e-01 
2.929566e+02 2.879997e+02 0 1.290351e+01 5.309154e+00 2.461017e-01 
3.032876e+02 2.879997e+02 0 1.297581e+01 5.287813e+00 2.382097e-01 
3.139285e+02 2.879997e+02 0 1.304904e+01 5.264526e+00 2.309697e-01 
3.248886e+02 2.879997e+02 0 1.312097e+01 5.238945e+00 2.222498e-01 
3.361775e+02 2.879997e+02 0 1.319510e+01 5.209457e+00 2.146381e-01 
3.478051e+02 2.879997e+02 0 1.326980e+01 5.174537e+00 2.065596e-01 
3.597815e+02 2.879997e+02 0 1.333714e+01 5.136461e+00 1.986956e-01 
3.721172e+02 2.879997e+02 0 1.340254e+01 5.096530e+00 1.923283e-01 
3.848230e+02 2.879997e+02 0 1.346461e+01 5.048695e+00 1.867749e-01 
3.979100e+02 2.879997e+02 0 1.352317e+01 5.001426e+00 1.805171e-01 
4.113895e+02 2.879997e+02 0 1.357731e+01 4.948779e+00 1.747920e-01 
4.252735e+02 2.879997e+02 0 1.362678e+01 4.897516e+00 1.680065e-01 
4.395739e+02 2.879997e+02 0 1.367825e+01 4.844426e+00 1.609512e-01 
4.543034e+02 2.879997e+02 0 1.372679e+01 4.786781e+00 1.531792e-01 
4.694748e+02 2.879996e+02 0 1.377979e+01 4.725897e+00 1.455991e-01 
4.851013e+02 2.879996e+02 0 1.383341e+01 4.660049e+00 1.387381e-01 
5.011966e+02 2.879996e+02 0 1.388860e+01 4.592074e+00 1.316703e-01 
5.177748e+02 2.879996e+02 0 1.394297e+01 4.523710e+00 1.255152e-01 
5.348503e+02 2.879996e+02 0 1.399200e+01 4.460781e+00 1.195501e-01 
5.524380e+02 2.879996e+02 0 1.403703e+01 4.402586e+00 1.122637e-01 
5.705535e+02 2.879996e+02 0 1.407906e+01 4.342142e+00 1.055969e-01 
5.892123e+02 2.879996e+02 0 1.412316e+01 4.275860e+00 1.004195e-01 
6.084310e+02 2.879996e+02 0 1.416383e+01 4.201238e+00 9.538667e-02 
6.282261e+02 2.879996e+02 0 1.419114e+01 4.124241e+00 8.993871e-02 
6.486152e+02 2.879996e+02 0 1.420603e+01 4.042158e+00 8.427109e-02 
6.696159e+02 2.879996e+02 0 1.420804e+01 3.959710e+00 7.835361e-02 
6.912466e+02 2.879996e+02 0 1.419989e+01 3.869125e+00 7.244229e-02 
7.135263e+02 2.879995e+02 0 1.419476e+01 3.778422e+00 6.577725e-02 
7.364744e+02 2.879995e+02 0 1.418518e+01 3.691993e+00 5.946949e-02 
7.601108e+02 2.879995e+02 0 1.417402e+01 3.609672e+00 5.362324e-02 
7.844564e+02 2.879995e+02 0 1.415506e+01 3.546075e+00 4.799918e-02 
8.095324e+02 2.879995e+02 0 1.411725e+01 3.480520e+00 4.383674e-02 
8.353607e+02 2.879995e+02 0 1.407684e+01 3.432145e+00 3.946998e-02 
8.619637e+02 2.879995e+02 0 1.402724e+01 3.383986e+00 3.565210e-02 
8.893649e+02 2.879995e+02 0 1.397931e+01 3.343707e+00 3.125596e-02 
9.175881e+02 2.879995e+02 0 1.393749e+01 3.321971e+00 2.822814e-02 
9.466580e+02 2.879995e+02 0 1.388227e+01 3.293666e+00 2.453966e-02 
9.766000e+02 2.879995e+02 0 1.383609e+01 3.284827e+00 2.246747e-02 
1.007440e+03 2.879995e+02 0 1.377417e+01 3.266584e+00 1.877810e-02 
1.039206e+03 2.879995e+02 0 1.372222e+01 3.267541e+00 1.619970e-02 
1.071924e+03 2.879995e+02 0 1.366409e+01 3.290426e+00 1.286399e-02 
1.105624e+03 2.879995e+02 0 1.362282e+01 3.326738e+00 1.047688e-02 
1.140335e+03 2.879995e+02 0 1.356750e+01 3.364516e+00 7.578067e-03 
1.176087e+03 2.879996e+02 0 1.354538e+01 3.402493e+00 4.642846e-03 
1.212912e+03 2.879997e+02 0 1.351728e+01 3.454980e+00 2.336565e-03 
1.250842e+03 2.879999e+02 0 1.350209e+01 3.489593e+00 8.920226e-04 
1.289910e+03 2.880003e+02 0 1.349928e+01 3.503327e+00 3.233774e-04 
1.330149e+03 2.880005e+02 0 1.349907e+01 3.507766e+00 1.324574e-04 
1.371596e+03 2.880008e+02 0 1.349954e+01 3.509319e+00 5.526941e-05 
1.414286e+03 2.880009e+02 0 1.349983e+01 3.509787e+00 2.208804e-05 
1.458257e+03 2.880010e+02 0 1.349995e+01 3.509940e+00 8.558342e-06 
1.503547e+03 2.880009e+02 0 1.349999e+01 3.509989e+00 3.283233e-06 
1.550195e+03 2.880008e+02 0 1.350000e+01 3.509999e+00 1.237245e-06 
1.598244e+03 2.880009e+02 0 1.350000e+01 3.510000e+00 4.546749e-07 
1.647733e+03 2.880008e+02 0 1.350000e+01 3.510000e+00 1.633738e-07 
1.698707e+03 2.880013e+02 0 1.350000e+01 3.510000e+00 5.710958e-08 
1.751211e+03 2.880015e+02 0 1.350000e+01 3.510000e+00 1.942703e-08 
1.805289e+03 2.880010e+02 0 1.350000e+01 3.510000e+00 6.471144e-09 
1.860990e+03 2.880010e+02 0 1.350000e+01 3.510000e+00 2.105274e-09 
1.918362e+03 2.880008e+02 0 1.350000e+01 3.510000e+00 6.652398e-10 
1.977455e+03 2.880002e+02 0 1.350000e+01 3.510000e+00 2.049647e-10 
2.038321e+03 2.879999e+02 0 1.350000e+01 3.510000e+00 6.154738e-11 
2.101013e+03 2.879994e+02 0 1.350000e+01 3.510000e+00 1.791382e-11 
2.165586e+03 2.880001e+02 0 1.350000e+01 3.510000e+00 5.017702e-12 
2.232096e+03 2.880012e+02 0 1.350000e+01 3.510000e+00 1.349083e-12 
2.300601e+03 2.880011e+02 0 1.350000e+01 3.510000e+00 3.525236e-13 
2.371161e+03 2.880012e+02 0 1.350000e+01 3.510000e+00 9.043577e-14 
2.443838e+03 2.880011e+02 0 1.350000e+01 3.510000e+00 2.264301e-14 
2.518696e+03 2.880028e+02 0 1.350000e+01 3.510000e+00 5.697286e-15 
2.595799e+03 2.880028e+02 0 1.350000e+01 3.510000e+00 5.697286e-15 
