#scalar.inp
#z,height, sv0, sv1
5.000000e-01 0 0 
1.500000e+00 0 0 
2.500000e+00 0 0 
3.500000e+00 0 0 
4.500000e+00 0 0 
5.500000e+00 0 0 
6.500000e+00 0 0 
7.500000e+00 0 0 
8.500000e+00 0 0 
9.500000e+00 0 0 
1.050000e+01 0 0 
1.150000e+01 0 0 
1.250000e+01 0 0 
1.350000e+01 0 0 
1.450000e+01 0 0 
1.550000e+01 0 0 
1.650000e+01 0 0 
1.750000e+01 0 0 
1.850000e+01 0 0 
1.950000e+01 0 0 
2.050000e+01 0 0 
2.150000e+01 0 0 
2.250000e+01 0 0 
2.350000e+01 0 0 
2.450000e+01 0 0 
2.550000e+01 0 0 
2.650000e+01 0 0 
2.750000e+01 0 0 
2.850000e+01 0 0 
2.950000e+01 0 0 
3.192726e+01 0 0 
3.442734e+01 0 0 
3.700243e+01 0 0 
3.965476e+01 0 0 
4.238667e+01 0 0 
4.520053e+01 0 0 
4.809881e+01 0 0 
5.108403e+01 0 0 
5.415882e+01 0 0 
5.732584e+01 0 0 
6.058788e+01 0 0 
6.394778e+01 0 0 
6.740848e+01 0 0 
7.097299e+01 0 0 
7.464445e+01 0 0 
7.842604e+01 0 0 
8.232109e+01 0 0 
8.633298e+01 0 0 
9.046523e+01 0 0 
9.472145e+01 0 0 
9.910536e+01 0 0 
1.036208e+02 0 0 
1.082717e+02 0 0 
1.130621e+02 0 0 
1.179962e+02 0 0 
1.230784e+02 0 0 
1.283130e+02 0 0 
1.337046e+02 0 0 
1.392580e+02 0 0 
1.449780e+02 0 0 
1.508696e+02 0 0 
1.569380e+02 0 0 
1.631884e+02 0 0 
1.696263e+02 0 0 
1.762573e+02 0 0 
1.830873e+02 0 0 
1.901222e+02 0 0 
1.973681e+02 0 0 
2.048314e+02 0 0 
2.125186e+02 0 0 
2.204365e+02 0 0 
2.285918e+02 0 0 
2.369918e+02 0 0 
2.456439e+02 0 0 
2.545554e+02 0 0 
2.637344e+02 0 0 
2.731887e+02 0 0 
2.829266e+02 0 0 
2.929566e+02 0 0 
3.032876e+02 0 0 
3.139285e+02 0 0 
3.248886e+02 0 0 
3.361775e+02 0 0 
3.478051e+02 0 0 
3.597815e+02 0 0 
3.721172e+02 0 0 
3.848230e+02 0 0 
3.979100e+02 0 0 
4.113895e+02 0 0 
4.252735e+02 0 0 
4.395740e+02 0 0 
4.543034e+02 0 0 
4.694748e+02 0 0 
4.851013e+02 0 0 
5.011966e+02 0 0 
5.177748e+02 0 0 
5.348503e+02 0 0 
5.524380e+02 0 0 
5.705535e+02 0 0 
5.892123e+02 0 0 
6.084309e+02 0 0 
6.282261e+02 0 0 
6.486152e+02 0 0 
6.696159e+02 0 0 
6.912466e+02 0 0 
7.135263e+02 0 0 
7.364744e+02 0 0 
7.601109e+02 0 0 
7.844564e+02 0 0 
8.095324e+02 0 0 
8.353606e+02 0 0 
8.619637e+02 0 0 
8.893649e+02 0 0 
9.175881e+02 0 0 
9.466580e+02 0 0 
9.766000e+02 0 0 
1.007440e+03 0 0 
1.039206e+03 0 0 
1.071924e+03 0 0 
1.105624e+03 0 0 
1.140335e+03 0 0 
1.176087e+03 0 0 
1.212912e+03 0 0 
1.250842e+03 0 0 
1.289910e+03 0 0 
1.330149e+03 0 0 
1.371596e+03 0 0 
1.414286e+03 0 0 
1.458257e+03 0 0 
1.503547e+03 0 0 
1.550195e+03 0 0 
1.598244e+03 0 0 
1.647733e+03 0 0 
1.698707e+03 0 0 
1.751211e+03 0 0 
1.805289e+03 0 0 
1.860990e+03 0 0 
1.918362e+03 0 0 
1.977455e+03 0 0 
2.038321e+03 0 0 
2.101013e+03 0 0 
2.165586e+03 0 0 
2.232096e+03 0 0 
2.300601e+03 0 0 
2.371161e+03 0 0 
2.443838e+03 0 0 
2.518696e+03 0 0 
2.595799e+03 0 0 
