#lscale.inp
#z,ugeo,vgeo,wfls,not_used (2x),dqtdtls,dthldt
1 1.670000e+01 -3.940000e+00 0 0 0 0 0 
3 1.670000e+01 -3.940000e+00 0 0 0 0 0 
5 1.670000e+01 -3.940000e+00 0 0 0 0 0 
7 1.670000e+01 -3.940000e+00 0 0 0 0 0 
9 1.670000e+01 -3.940000e+00 0 0 0 0 0 
11 1.670000e+01 -3.940000e+00 0 0 0 0 0 
13 1.670000e+01 -3.940000e+00 0 0 0 0 0 
15 1.670000e+01 -3.940000e+00 0 0 0 0 0 
17 1.670000e+01 -3.940000e+00 0 0 0 0 0 
19 1.670000e+01 -3.940000e+00 0 0 0 0 0 
21 1.670000e+01 -3.940000e+00 0 0 0 0 0 
23 1.670000e+01 -3.940000e+00 0 0 0 0 0 
25 1.670000e+01 -3.940000e+00 0 0 0 0 0 
27 1.670000e+01 -3.940000e+00 0 0 0 0 0 
29 1.670000e+01 -3.940000e+00 0 0 0 0 0 
3.211593e+01 1.670000e+01 -3.940000e+00 0 0 0 0 0 
3.532535e+01 1.670000e+01 -3.940000e+00 0 0 0 0 0 
3.863104e+01 1.670000e+01 -3.940000e+00 0 0 0 0 0 
4.203591e+01 1.670000e+01 -3.940000e+00 0 0 0 0 0 
4.554292e+01 1.670000e+01 -3.940000e+00 0 0 0 0 0 
4.915514e+01 1.670000e+01 -3.940000e+00 0 0 0 0 0 
5.287573e+01 1.670000e+01 -3.940000e+00 0 0 0 0 0 
5.670794e+01 1.670000e+01 -3.940000e+00 0 0 0 0 0 
6.065511e+01 1.670000e+01 -3.940000e+00 0 0 0 0 0 
6.472070e+01 1.670000e+01 -3.940000e+00 0 0 0 0 0 
6.890826e+01 1.670000e+01 -3.940000e+00 0 0 0 0 0 
7.322144e+01 1.670000e+01 -3.940000e+00 0 0 0 0 0 
7.766402e+01 1.670000e+01 -3.940000e+00 0 0 0 0 0 
8.223987e+01 1.670000e+01 -3.940000e+00 0 0 0 0 0 
8.695300e+01 1.670000e+01 -3.940000e+00 0 0 0 0 0 
9.180753e+01 1.670000e+01 -3.940000e+00 0 0 0 0 0 
9.680769e+01 1.670000e+01 -3.940000e+00 0 0 0 0 0 
1.019579e+02 1.670000e+01 -3.940000e+00 0 0 0 0 0 
1.072625e+02 1.670000e+01 -3.940000e+00 0 0 0 0 0 
1.127263e+02 1.670000e+01 -3.940000e+00 0 0 0 0 0 
1.183541e+02 1.670000e+01 -3.940000e+00 0 0 0 0 0 
1.241506e+02 1.670000e+01 -3.940000e+00 0 0 0 0 0 
1.301211e+02 1.670000e+01 -3.940000e+00 0 0 0 0 0 
1.362706e+02 1.670000e+01 -3.940000e+00 0 0 0 0 0 
1.426047e+02 1.670000e+01 -3.940000e+00 0 0 0 0 0 
1.491288e+02 1.670000e+01 -3.940000e+00 0 0 0 0 0 
1.558486e+02 1.670000e+01 -3.940000e+00 0 0 0 0 0 
1.627700e+02 1.670000e+01 -3.940000e+00 0 0 0 0 0 
1.698990e+02 1.670000e+01 -3.940000e+00 0 0 0 0 0 
1.772419e+02 1.670000e+01 -3.940000e+00 0 0 0 0 0 
1.848051e+02 1.670000e+01 -3.940000e+00 0 0 0 0 0 
1.925952e+02 1.670000e+01 -3.940000e+00 0 0 0 0 0 
2.006190e+02 1.670000e+01 -3.940000e+00 0 0 0 0 0 
2.088835e+02 1.670000e+01 -3.940000e+00 0 0 0 0 0 
2.173959e+02 1.670000e+01 -3.940000e+00 0 0 0 0 0 
2.261637e+02 1.670000e+01 -3.940000e+00 0 0 0 0 0 
2.351946e+02 1.670000e+01 -3.940000e+00 0 0 0 0 0 
2.444963e+02 1.670000e+01 -3.940000e+00 0 0 0 0 0 
2.540772e+02 1.670000e+01 -3.940000e+00 0 0 0 0 0 
2.639454e+02 1.670000e+01 -3.940000e+00 0 0 0 0 0 
2.741097e+02 1.670000e+01 -3.940000e+00 0 0 0 0 0 
2.845789e+02 1.670000e+01 -3.940000e+00 0 0 0 0 0 
2.953622e+02 1.670000e+01 -3.940000e+00 0 0 0 0 0 
3.064690e+02 1.670000e+01 -3.940000e+00 0 0 0 0 0 
3.179090e+02 1.670000e+01 -3.940000e+00 0 0 0 0 0 
3.296923e+02 1.670000e+01 -3.940000e+00 0 0 0 0 0 
3.418290e+02 1.670000e+01 -3.940000e+00 0 0 0 0 0 
3.543298e+02 1.670000e+01 -3.940000e+00 0 0 0 0 0 
3.672056e+02 1.670000e+01 -3.940000e+00 0 0 0 0 0 
3.804677e+02 1.670000e+01 -3.940000e+00 0 0 0 0 0 
3.941277e+02 1.670000e+01 -3.940000e+00 0 0 0 0 0 
4.081974e+02 1.670000e+01 -3.940000e+00 0 0 0 0 0 
4.226893e+02 1.670000e+01 -3.940000e+00 0 0 0 0 0 
4.376159e+02 1.670000e+01 -3.940000e+00 0 0 0 0 0 
4.529903e+02 1.670000e+01 -3.940000e+00 0 0 0 0 0 
4.688259e+02 1.670000e+01 -3.940000e+00 0 0 0 0 0 
4.851367e+02 1.670000e+01 -3.940000e+00 0 0 0 0 0 
5.019367e+02 1.670000e+01 -3.940000e+00 0 0 0 0 0 
5.192407e+02 1.670000e+01 -3.940000e+00 0 0 0 0 0 
5.370639e+02 1.670000e+01 -3.940000e+00 0 0 0 0 0 
5.554217e+02 1.670000e+01 -3.940000e+00 0 0 0 0 0 
5.743303e+02 1.670000e+01 -3.940000e+00 0 0 0 0 0 
5.938062e+02 1.670000e+01 -3.940000e+00 0 0 0 0 0 
6.138663e+02 1.670000e+01 -3.940000e+00 0 0 0 0 0 
6.345282e+02 1.670000e+01 -3.940000e+00 0 0 0 0 0 
6.558100e+02 1.670000e+01 -3.940000e+00 0 0 0 0 0 
6.777302e+02 1.670000e+01 -3.940000e+00 0 0 0 0 0 
7.003081e+02 1.670000e+01 -3.940000e+00 0 0 0 0 0 
7.235632e+02 1.670000e+01 -3.940000e+00 0 0 0 0 0 
7.475161e+02 1.670000e+01 -3.940000e+00 0 0 0 0 0 
7.721875e+02 1.670000e+01 -3.940000e+00 0 0 0 0 0 
7.975991e+02 1.670000e+01 -3.940000e+00 0 0 0 0 0 
8.237730e+02 1.670000e+01 -3.940000e+00 0 0 0 0 0 
8.507321e+02 1.670000e+01 -3.940000e+00 0 0 0 0 0 
8.785000e+02 1.670000e+01 -3.940000e+00 0 0 0 0 0 
9.071009e+02 1.670000e+01 -3.940000e+00 0 0 0 0 0 
9.365599e+02 1.670000e+01 -3.940000e+00 0 0 0 0 0 
9.669026e+02 1.670000e+01 -3.940000e+00 0 0 0 0 0 
9.981556e+02 1.670000e+01 -3.940000e+00 0 0 0 0 0 
1.030346e+03 1.670000e+01 -3.940000e+00 0 0 0 0 0 
1.063503e+03 1.670000e+01 -3.940000e+00 0 0 0 0 0 
1.097654e+03 1.670000e+01 -3.940000e+00 0 0 0 0 0 
1.132829e+03 1.670000e+01 -3.940000e+00 0 0 0 0 0 
1.169060e+03 1.670000e+01 -3.940000e+00 0 0 0 0 0 
1.206378e+03 1.670000e+01 -3.940000e+00 0 0 0 0 0 
1.244815e+03 1.670000e+01 -3.940000e+00 0 0 0 0 0 
1.284405e+03 1.670000e+01 -3.940000e+00 0 0 0 0 0 
1.325183e+03 1.670000e+01 -3.940000e+00 0 0 0 0 0 
1.367185e+03 1.670000e+01 -3.940000e+00 0 0 0 0 0 
1.410446e+03 1.670000e+01 -3.940000e+00 0 0 0 0 0 
1.455006e+03 1.670000e+01 -3.940000e+00 0 0 0 0 0 
1.500902e+03 1.670000e+01 -3.940000e+00 0 0 0 0 0 
1.548175e+03 1.670000e+01 -3.940000e+00 0 0 0 0 0 
1.596866e+03 1.670000e+01 -3.940000e+00 0 0 0 0 0 
1.647018e+03 1.670000e+01 -3.940000e+00 0 0 0 0 0 
1.698674e+03 1.670000e+01 -3.940000e+00 0 0 0 0 0 
1.751880e+03 1.670000e+01 -3.940000e+00 0 0 0 0 0 
1.806683e+03 1.670000e+01 -3.940000e+00 0 0 0 0 0 
1.863129e+03 1.670000e+01 -3.940000e+00 0 0 0 0 0 
1.921269e+03 1.670000e+01 -3.940000e+00 0 0 0 0 0 
1.981153e+03 1.670000e+01 -3.940000e+00 0 0 0 0 0 
2.042834e+03 1.670000e+01 -3.940000e+00 0 0 0 0 0 
2.106364e+03 1.670000e+01 -3.940000e+00 0 0 0 0 0 
2.171801e+03 1.670000e+01 -3.940000e+00 0 0 0 0 0 
2.239201e+03 1.670000e+01 -3.940000e+00 0 0 0 0 0 
2.308623e+03 1.670000e+01 -3.940000e+00 0 0 0 0 0 
2.380128e+03 1.670000e+01 -3.940000e+00 0 0 0 0 0 
2.453778e+03 1.670000e+01 -3.940000e+00 0 0 0 0 0 
2.529637e+03 1.670000e+01 -3.940000e+00 0 0 0 0 0 
2.607772e+03 1.670000e+01 -3.940000e+00 0 0 0 0 0 
