#Prof.inp
#z,thl,qt,u,v,tke
1 2.879998e+02 0 9.144084e+00 1.552323e-02 9.738721e-01 
3 2.879998e+02 0 9.996724e+00 1.241270e-02 1.045985e+00 
5 2.879998e+02 0 1.074309e+01 7.776624e-03 1.097531e+00 
7 2.879998e+02 0 1.128699e+01 3.733525e-03 1.099367e+00 
9 2.879998e+02 0 1.167439e+01 4.781547e-04 1.073328e+00 
11 2.879998e+02 0 1.196228e+01 -2.587551e-03 1.038767e+00 
13 2.879998e+02 0 1.218606e+01 -6.308335e-03 1.003409e+00 
15 2.879998e+02 0 1.236701e+01 -1.123536e-02 9.698679e-01 
17 2.879998e+02 0 1.251856e+01 -1.760053e-02 9.391683e-01 
19 2.879998e+02 0 1.264499e+01 -2.582567e-02 9.126093e-01 
21 2.879998e+02 0 1.275526e+01 -3.529365e-02 8.903600e-01 
23 2.879998e+02 0 1.285474e+01 -4.549725e-02 8.718107e-01 
25 2.879998e+02 0 1.294569e+01 -5.624025e-02 8.562608e-01 
27 2.879998e+02 0 1.302891e+01 -6.743048e-02 8.428267e-01 
29 2.879998e+02 0 1.310542e+01 -7.897864e-02 8.303939e-01 
3.211594e+01 2.879998e+02 0 1.321593e+01 -9.693540e-02 8.114723e-01 
3.532535e+01 2.879998e+02 0 1.331957e+01 -1.157854e-01 7.937098e-01 
3.863104e+01 2.879998e+02 0 1.341812e+01 -1.358311e-01 7.784198e-01 
4.203591e+01 2.879998e+02 0 1.351309e+01 -1.574359e-01 7.646601e-01 
4.554292e+01 2.879998e+02 0 1.360554e+01 -1.794780e-01 7.505094e-01 
4.915514e+01 2.879998e+02 0 1.369525e+01 -2.008541e-01 7.368270e-01 
5.287573e+01 2.879998e+02 0 1.378311e+01 -2.217054e-01 7.240210e-01 
5.670794e+01 2.879998e+02 0 1.386782e+01 -2.423235e-01 7.133783e-01 
6.065511e+01 2.879998e+02 0 1.394897e+01 -2.651305e-01 7.033656e-01 
6.472070e+01 2.879998e+02 0 1.402770e+01 -2.885309e-01 6.932050e-01 
6.890826e+01 2.879998e+02 0 1.410516e+01 -3.116157e-01 6.824870e-01 
7.322144e+01 2.879998e+02 0 1.418275e+01 -3.355343e-01 6.718379e-01 
7.766402e+01 2.879998e+02 0 1.426035e+01 -3.607476e-01 6.616870e-01 
8.223988e+01 2.879998e+02 0 1.433753e+01 -3.860871e-01 6.524094e-01 
8.695300e+01 2.879998e+02 0 1.441434e+01 -4.106323e-01 6.428750e-01 
9.180753e+01 2.879998e+02 0 1.449010e+01 -4.357881e-01 6.332934e-01 
9.680769e+01 2.879998e+02 0 1.456496e+01 -4.628460e-01 6.237720e-01 
1.019579e+02 2.879998e+02 0 1.463979e+01 -4.917416e-01 6.141921e-01 
1.072625e+02 2.879998e+02 0 1.471471e+01 -5.220525e-01 6.052685e-01 
1.127263e+02 2.879998e+02 0 1.478819e+01 -5.524922e-01 5.968337e-01 
1.183541e+02 2.879998e+02 0 1.486102e+01 -5.824675e-01 5.891243e-01 
1.241506e+02 2.879998e+02 0 1.493493e+01 -6.131467e-01 5.815132e-01 
1.301211e+02 2.879998e+02 0 1.501055e+01 -6.425415e-01 5.752261e-01 
1.362706e+02 2.879998e+02 0 1.508596e+01 -6.691549e-01 5.667955e-01 
1.426047e+02 2.879998e+02 0 1.516138e+01 -6.949778e-01 5.590923e-01 
1.491288e+02 2.879998e+02 0 1.523521e+01 -7.248678e-01 5.521651e-01 
1.558486e+02 2.879998e+02 0 1.530814e+01 -7.559879e-01 5.436773e-01 
1.627700e+02 2.879998e+02 0 1.537763e+01 -7.863878e-01 5.354782e-01 
1.698990e+02 2.879998e+02 0 1.544506e+01 -8.137965e-01 5.290911e-01 
1.772419e+02 2.879998e+02 0 1.551421e+01 -8.419143e-01 5.207487e-01 
1.848051e+02 2.879998e+02 0 1.558314e+01 -8.726056e-01 5.113068e-01 
1.925952e+02 2.879998e+02 0 1.565223e+01 -9.057758e-01 5.031314e-01 
2.006190e+02 2.879998e+02 0 1.572167e+01 -9.406357e-01 4.944153e-01 
2.088835e+02 2.879998e+02 0 1.579125e+01 -9.766213e-01 4.876344e-01 
2.173959e+02 2.879998e+02 0 1.585727e+01 -1.010251e+00 4.792252e-01 
2.261637e+02 2.879998e+02 0 1.591982e+01 -1.048185e+00 4.700597e-01 
2.351946e+02 2.879998e+02 0 1.598334e+01 -1.086769e+00 4.605311e-01 
2.444963e+02 2.879997e+02 0 1.604277e+01 -1.130320e+00 4.519443e-01 
2.540772e+02 2.879997e+02 0 1.610527e+01 -1.174842e+00 4.431684e-01 
2.639454e+02 2.879997e+02 0 1.616766e+01 -1.218752e+00 4.354384e-01 
2.741097e+02 2.879997e+02 0 1.623290e+01 -1.261291e+00 4.269343e-01 
2.845789e+02 2.879997e+02 0 1.629935e+01 -1.305933e+00 4.193518e-01 
2.953622e+02 2.879997e+02 0 1.636748e+01 -1.353622e+00 4.134389e-01 
3.064690e+02 2.879997e+02 0 1.643531e+01 -1.400818e+00 4.069022e-01 
3.179091e+02 2.879997e+02 0 1.650155e+01 -1.449985e+00 3.985565e-01 
3.296923e+02 2.879997e+02 0 1.657062e+01 -1.505939e+00 3.900252e-01 
3.418289e+02 2.879997e+02 0 1.664184e+01 -1.565501e+00 3.850725e-01 
3.543298e+02 2.879997e+02 0 1.671640e+01 -1.624298e+00 3.791110e-01 
3.672056e+02 2.879997e+02 0 1.678796e+01 -1.683643e+00 3.692356e-01 
3.804677e+02 2.879997e+02 0 1.686129e+01 -1.744650e+00 3.537414e-01 
3.941277e+02 2.879997e+02 0 1.692410e+01 -1.801324e+00 3.380551e-01 
4.081974e+02 2.879997e+02 0 1.697437e+01 -1.858349e+00 3.227572e-01 
4.226893e+02 2.879997e+02 0 1.701715e+01 -1.914647e+00 3.093697e-01 
4.376159e+02 2.879997e+02 0 1.705844e+01 -1.973737e+00 2.993881e-01 
4.529903e+02 2.879997e+02 0 1.709670e+01 -2.040051e+00 2.916965e-01 
4.688260e+02 2.879997e+02 0 1.713391e+01 -2.118641e+00 2.855351e-01 
4.851367e+02 2.879997e+02 0 1.716975e+01 -2.212269e+00 2.773902e-01 
5.019367e+02 2.879997e+02 0 1.720483e+01 -2.314790e+00 2.669949e-01 
5.192407e+02 2.879997e+02 0 1.724506e+01 -2.434374e+00 2.561359e-01 
5.370639e+02 2.879997e+02 0 1.727950e+01 -2.573978e+00 2.428659e-01 
5.554218e+02 2.879997e+02 0 1.731181e+01 -2.715027e+00 2.281572e-01 
5.743303e+02 2.879997e+02 0 1.734133e+01 -2.847307e+00 2.151709e-01 
5.938062e+02 2.879996e+02 0 1.736093e+01 -2.973652e+00 2.038352e-01 
6.138663e+02 2.879996e+02 0 1.737980e+01 -3.094784e+00 1.903238e-01 
6.345282e+02 2.879996e+02 0 1.739182e+01 -3.213562e+00 1.739924e-01 
6.558100e+02 2.879996e+02 0 1.740124e+01 -3.319139e+00 1.575745e-01 
6.777302e+02 2.879996e+02 0 1.741149e+01 -3.407672e+00 1.468303e-01 
7.003080e+02 2.879996e+02 0 1.740922e+01 -3.487727e+00 1.345116e-01 
7.235632e+02 2.879996e+02 0 1.741017e+01 -3.552236e+00 1.243624e-01 
7.475161e+02 2.879996e+02 0 1.739547e+01 -3.615902e+00 1.167592e-01 
7.721875e+02 2.879996e+02 0 1.738149e+01 -3.673041e+00 1.076013e-01 
7.975991e+02 2.879996e+02 0 1.733987e+01 -3.752059e+00 9.556457e-02 
8.237729e+02 2.879996e+02 0 1.730342e+01 -3.832321e+00 8.384503e-02 
8.507321e+02 2.879996e+02 0 1.726724e+01 -3.897797e+00 7.677451e-02 
8.785000e+02 2.879996e+02 0 1.724557e+01 -3.954481e+00 7.070741e-02 
9.071009e+02 2.879996e+02 0 1.721599e+01 -4.013489e+00 6.424093e-02 
9.365599e+02 2.879996e+02 0 1.716358e+01 -4.068339e+00 5.735439e-02 
9.669026e+02 2.879996e+02 0 1.710029e+01 -4.100926e+00 5.108060e-02 
9.981556e+02 2.879996e+02 0 1.702139e+01 -4.122023e+00 4.457404e-02 
1.030346e+03 2.879996e+02 0 1.695513e+01 -4.115094e+00 3.806021e-02 
1.063503e+03 2.879996e+02 0 1.690182e+01 -4.107887e+00 3.187635e-02 
1.097654e+03 2.879996e+02 0 1.683855e+01 -4.098850e+00 2.538570e-02 
1.132829e+03 2.879996e+02 0 1.678358e+01 -4.082253e+00 1.824026e-02 
1.169060e+03 2.879997e+02 0 1.674312e+01 -4.054721e+00 1.176038e-02 
1.206378e+03 2.879997e+02 0 1.671825e+01 -4.025671e+00 6.599612e-03 
1.244815e+03 2.879998e+02 0 1.670142e+01 -3.988389e+00 3.350995e-03 
1.284405e+03 2.880000e+02 0 1.669757e+01 -3.966547e+00 1.465096e-03 
1.325183e+03 2.880002e+02 0 1.669696e+01 -3.952700e+00 6.497119e-04 
1.367185e+03 2.880005e+02 0 1.669817e+01 -3.945428e+00 2.650508e-04 
1.410446e+03 2.880007e+02 0 1.669931e+01 -3.941452e+00 1.011631e-04 
1.455006e+03 2.880009e+02 0 1.669981e+01 -3.940258e+00 3.981195e-05 
1.500902e+03 2.880009e+02 0 1.669995e+01 -3.940044e+00 1.480342e-05 
1.548175e+03 2.880007e+02 0 1.669999e+01 -3.940009e+00 5.240897e-06 
1.596866e+03 2.880008e+02 0 1.670000e+01 -3.940003e+00 1.833506e-06 
1.647018e+03 2.880009e+02 0 1.670000e+01 -3.940001e+00 6.324083e-07 
1.698674e+03 2.880012e+02 0 1.670000e+01 -3.940000e+00 2.132450e-07 
1.751880e+03 2.880015e+02 0 1.670000e+01 -3.940000e+00 7.016764e-08 
1.806683e+03 2.880010e+02 0 1.670000e+01 -3.940000e+00 2.261500e-08 
1.863129e+03 2.880010e+02 0 1.670000e+01 -3.940000e+00 7.131616e-09 
1.921269e+03 2.880008e+02 0 1.670000e+01 -3.940000e+00 2.186992e-09 
1.981153e+03 2.880002e+02 0 1.670000e+01 -3.940000e+00 6.552612e-10 
2.042833e+03 2.879998e+02 0 1.670000e+01 -3.940000e+00 1.914453e-10 
2.106365e+03 2.879994e+02 0 1.670000e+01 -3.940000e+00 5.415116e-11 
2.171801e+03 2.880002e+02 0 1.670000e+01 -3.940000e+00 1.470021e-11 
2.239201e+03 2.880013e+02 0 1.670000e+01 -3.940000e+00 3.828198e-12 
2.308623e+03 2.880011e+02 0 1.670000e+01 -3.940000e+00 9.739569e-13 
2.380128e+03 2.880012e+02 0 1.670000e+01 -3.940000e+00 2.437267e-13 
2.453778e+03 2.880010e+02 0 1.670000e+01 -3.940000e+00 5.935772e-14 
2.529637e+03 2.880030e+02 0 1.670000e+01 -3.940000e+00 1.483877e-14 
2.607772e+03 2.880030e+02 0 1.670000e+01 -3.940000e+00 1.483877e-14 
