#Prof.inp
#z,thl,qt,u,v,tke
5.000000e-01 2.879998e+02 0 8.150275e+00 1.284360e-02 9.919004e-01 
1.500000e+00 2.879998e+02 0 9.357244e+00 1.474560e-02 9.919004e-01 
2.500000e+00 2.879998e+02 0 9.783564e+00 1.319033e-02 1.027957e+00 
3.500000e+00 2.879998e+02 0 1.018578e+01 1.128906e-02 1.059349e+00 
4.500000e+00 2.879998e+02 0 1.055732e+01 8.947438e-03 1.084803e+00 
5.500000e+00 2.879998e+02 0 1.089400e+01 6.717843e-03 1.101670e+00 
6.500000e+00 2.879998e+02 0 1.115600e+01 4.728298e-03 1.100134e+00 
7.500000e+00 2.879998e+02 0 1.140689e+01 2.797592e-03 1.096732e+00 
8.500000e+00 2.879998e+02 0 1.158522e+01 1.251301e-03 1.081129e+00 
9.500000e+00 2.879998e+02 0 1.176356e+01 -2.949912e-04 1.065527e+00 
1.050000e+01 2.879998e+02 0 1.189800e+01 -1.824131e-03 1.047783e+00 
1.150000e+01 2.879998e+02 0 1.202656e+01 -3.350970e-03 1.029751e+00 
1.250000e+01 2.879998e+02 0 1.213746e+01 -5.231184e-03 1.012093e+00 
1.350000e+01 2.879998e+02 0 1.223465e+01 -7.385486e-03 9.947256e-01 
1.501259e+01 2.879998e+02 0 1.236798e+01 -1.127402e-02 9.696715e-01 
1.657056e+01 2.879998e+02 0 1.248840e+01 -1.605756e-02 9.453679e-01 
1.817526e+01 2.879998e+02 0 1.259286e+01 -2.243388e-02 9.235614e-01 
1.982811e+01 2.879998e+02 0 1.269244e+01 -2.960815e-02 9.029191e-01 
2.153054e+01 2.879998e+02 0 1.278370e+01 -3.786763e-02 8.846742e-01 
2.328405e+01 2.879998e+02 0 1.286792e+01 -4.700791e-02 8.695308e-01 
2.509016e+01 2.879998e+02 0 1.294944e+01 -5.674472e-02 8.556552e-01 
2.695046e+01 2.879998e+02 0 1.302685e+01 -6.715328e-02 8.431595e-01 
2.886656e+01 2.879998e+02 0 1.310042e+01 -7.820246e-02 8.312076e-01 
3.084015e+01 2.879998e+02 0 1.317235e+01 -8.962821e-02 8.191987e-01 
3.287294e+01 2.879998e+02 0 1.324179e+01 -1.012712e-01 8.068877e-01 
3.496672e+01 2.879998e+02 0 1.330832e+01 -1.136534e-01 7.956028e-01 
3.712331e+01 2.879998e+02 0 1.337402e+01 -1.266239e-01 7.850405e-01 
3.934460e+01 2.879998e+02 0 1.343895e+01 -1.401977e-01 7.753000e-01 
4.163253e+01 2.879998e+02 0 1.350198e+01 -1.548522e-01 7.662548e-01 
4.398909e+01 2.879998e+02 0 1.356488e+01 -1.697420e-01 7.567995e-01 
4.641636e+01 2.879998e+02 0 1.362754e+01 -1.847287e-01 7.471397e-01 
4.891644e+01 2.879998e+02 0 1.368935e+01 -1.994486e-01 7.377258e-01 
5.149152e+01 2.879998e+02 0 1.375057e+01 -2.139787e-01 7.287206e-01 
5.414385e+01 2.879998e+02 0 1.381132e+01 -2.284775e-01 7.204694e-01 
5.687576e+01 2.879998e+02 0 1.387130e+01 -2.432921e-01 7.129508e-01 
5.968962e+01 2.879998e+02 0 1.392964e+01 -2.595325e-01 7.057843e-01 
6.258790e+01 2.879998e+02 0 1.398676e+01 -2.763704e-01 6.985773e-01 
6.557313e+01 2.879998e+02 0 1.404358e+01 -2.932342e-01 6.910008e-01 
6.864791e+01 2.879998e+02 0 1.410044e+01 -3.101842e-01 6.831329e-01 
7.181493e+01 2.879998e+02 0 1.415783e+01 -3.275973e-01 6.752746e-01 
7.507697e+01 2.879998e+02 0 1.421557e+01 -3.460266e-01 6.673097e-01 
7.843687e+01 2.879998e+02 0 1.427354e+01 -3.651636e-01 6.601434e-01 
8.189757e+01 2.879998e+02 0 1.433186e+01 -3.842829e-01 6.531192e-01 
8.546208e+01 2.879998e+02 0 1.439054e+01 -4.029860e-01 6.457967e-01 
8.913354e+01 2.879998e+02 0 1.444916e+01 -4.218152e-01 6.386018e-01 
9.291513e+01 2.879998e+02 0 1.450696e+01 -4.415896e-01 6.310909e-01 
9.681017e+01 2.879998e+02 0 1.456500e+01 -4.628598e-01 6.237674e-01 
1.008221e+02 2.879998e+02 0 1.462347e+01 -4.853301e-01 6.163303e-01 
1.049543e+02 2.879998e+02 0 1.468246e+01 -5.087632e-01 6.088607e-01 
1.092105e+02 2.879998e+02 0 1.474188e+01 -5.332524e-01 6.022379e-01 
1.135945e+02 2.879998e+02 0 1.479962e+01 -5.572429e-01 5.954993e-01 
1.181099e+02 2.879998e+02 0 1.485789e+01 -5.811827e-01 5.894406e-01 
1.227608e+02 2.879998e+02 0 1.491726e+01 -6.057745e-01 5.833473e-01 
1.275512e+02 2.879998e+02 0 1.497804e+01 -6.301891e-01 5.777223e-01 
1.324853e+02 2.879998e+02 0 1.503991e+01 -6.532251e-01 5.723621e-01 
1.375674e+02 2.879998e+02 0 1.510166e+01 -6.745731e-01 5.649643e-01 
1.428021e+02 2.879998e+02 0 1.516371e+01 -6.957772e-01 5.588622e-01 
1.481937e+02 2.879998e+02 0 1.522471e+01 -7.205081e-01 5.531431e-01 
1.537471e+02 2.879998e+02 0 1.528543e+01 -7.462632e-01 5.463825e-01 
1.594671e+02 2.879998e+02 0 1.534466e+01 -7.719389e-01 5.393656e-01 
1.653587e+02 2.879998e+02 0 1.540221e+01 -7.964378e-01 5.331074e-01 
1.714271e+02 2.879998e+02 0 1.545946e+01 -8.196410e-01 5.273724e-01 
1.776775e+02 2.879998e+02 0 1.551818e+01 -8.436776e-01 5.202004e-01 
1.841154e+02 2.879998e+02 0 1.557693e+01 -8.697392e-01 5.120964e-01 
1.907464e+02 2.879998e+02 0 1.563593e+01 -8.978660e-01 5.051058e-01 
1.975764e+02 2.879998e+02 0 1.569542e+01 -9.273711e-01 4.975550e-01 
2.046113e+02 2.879998e+02 0 1.575561e+01 -9.583024e-01 4.912336e-01 
2.118572e+02 2.879998e+02 0 1.581466e+01 -9.881466e-01 4.847224e-01 
2.193205e+02 2.879998e+02 0 1.587097e+01 -1.018644e+00 4.772329e-01 
2.270077e+02 2.879998e+02 0 1.592591e+01 -1.051702e+00 4.691380e-01 
2.349256e+02 2.879998e+02 0 1.598164e+01 -1.085509e+00 4.607760e-01 
2.430809e+02 2.879997e+02 0 1.603342e+01 -1.123696e+00 4.533140e-01 
2.514809e+02 2.879997e+02 0 1.608890e+01 -1.163011e+00 4.451853e-01 
2.601330e+02 2.879997e+02 0 1.614330e+01 -1.202371e+00 4.385671e-01 
2.690445e+02 2.879997e+02 0 1.620049e+01 -1.240120e+00 4.311211e-01 
2.782234e+02 2.879997e+02 0 1.625913e+01 -1.278453e+00 4.235924e-01 
2.876778e+02 2.879997e+02 0 1.631882e+01 -1.319774e+00 4.177080e-01 
2.974157e+02 2.879997e+02 0 1.638059e+01 -1.362521e+00 4.122392e-01 
3.074457e+02 2.879997e+02 0 1.644077e+01 -1.404817e+00 4.063197e-01 
3.177767e+02 2.879997e+02 0 1.650074e+01 -1.449370e+00 3.986829e-01 
3.284176e+02 2.879997e+02 0 1.656366e+01 -1.499677e+00 3.904852e-01 
3.393777e+02 2.879997e+02 0 1.662598e+01 -1.553488e+00 3.862415e-01 
3.506666e+02 2.879997e+02 0 1.669707e+01 -1.608048e+00 3.808578e-01 
3.622942e+02 2.879997e+02 0 1.675891e+01 -1.659930e+00 3.748087e-01 
3.742706e+02 2.879997e+02 0 1.682974e+01 -1.717755e+00 3.612187e-01 
3.866063e+02 2.879997e+02 0 1.689243e+01 -1.771226e+00 3.463250e-01 
3.993121e+02 2.879997e+02 0 1.694519e+01 -1.821792e+00 3.324470e-01 
4.123991e+02 2.879997e+02 0 1.698720e+01 -1.875841e+00 3.181643e-01 
4.258786e+02 2.879997e+02 0 1.702625e+01 -1.926161e+00 3.069563e-01 
4.397626e+02 2.879997e+02 0 1.706420e+01 -1.982933e+00 2.981285e-01 
4.540630e+02 2.879997e+02 0 1.709918e+01 -2.044706e+00 2.912415e-01 
4.687925e+02 2.879997e+02 0 1.713383e+01 -2.118458e+00 2.855471e-01 
4.839639e+02 2.879997e+02 0 1.716734e+01 -2.205298e+00 2.781051e-01 
4.995904e+02 2.879997e+02 0 1.719987e+01 -2.300194e+00 2.684630e-01 
5.156857e+02 2.879997e+02 0 1.723625e+01 -2.408061e+00 2.583714e-01 
5.322639e+02 2.879997e+02 0 1.727199e+01 -2.534980e+00 2.468158e-01 
5.493394e+02 2.879997e+02 0 1.730034e+01 -2.670025e+00 2.329455e-01 
5.669271e+02 2.879997e+02 0 1.733125e+01 -2.797350e+00 2.197984e-01 
5.850425e+02 2.879997e+02 0 1.735393e+01 -2.918140e+00 2.087150e-01 
6.037014e+02 2.879996e+02 0 1.736943e+01 -3.035087e+00 1.978343e-01 
6.229200e+02 2.879996e+02 0 1.738779e+01 -3.147602e+00 1.834874e-01 
6.427152e+02 2.879996e+02 0 1.739481e+01 -3.259004e+00 1.673652e-01 
6.631042e+02 2.879996e+02 0 1.740482e+01 -3.352557e+00 1.521578e-01 
6.841050e+02 2.879996e+02 0 1.741439e+01 -3.431694e+00 1.445083e-01 
7.057357e+02 2.879996e+02 0 1.740727e+01 -3.506406e+00 1.310895e-01 
7.280154e+02 2.879996e+02 0 1.741115e+01 -3.563254e+00 1.228067e-01 
7.509634e+02 2.879996e+02 0 1.739212e+01 -3.625336e+00 1.157123e-01 
7.745999e+02 2.879996e+02 0 1.738053e+01 -3.678210e+00 1.066387e-01 
7.989456e+02 2.879996e+02 0 1.733701e+01 -3.756760e+00 9.488704e-02 
8.240215e+02 2.879996e+02 0 1.730314e+01 -3.833043e+00 8.373898e-02 
8.498497e+02 2.879996e+02 0 1.726850e+01 -3.895807e+00 7.695306e-02 
8.764528e+02 2.879996e+02 0 1.724671e+01 -3.950455e+00 7.116625e-02 
9.038540e+02 2.879996e+02 0 1.721987e+01 -4.006685e+00 6.497717e-02 
9.320772e+02 2.879996e+02 0 1.717240e+01 -4.060332e+00 5.841246e-02 
9.611471e+02 2.879996e+02 0 1.711250e+01 -4.096020e+00 5.221824e-02 
9.910891e+02 2.879996e+02 0 1.704008e+01 -4.117628e+00 4.606748e-02 
1.021929e+03 2.879996e+02 0 1.697103e+01 -4.118935e+00 3.974158e-02 
1.053695e+03 2.879996e+02 0 1.691682e+01 -4.109369e+00 3.366950e-02 
1.086413e+03 2.879996e+02 0 1.686035e+01 -4.102165e+00 2.754370e-02 
1.120113e+03 2.879996e+02 0 1.680222e+01 -4.088831e+00 2.085978e-02 
1.154824e+03 2.879996e+02 0 1.675779e+01 -4.066395e+00 1.421060e-02 
1.190577e+03 2.879997e+02 0 1.672741e+01 -4.037815e+00 8.657061e-03 
1.227401e+03 2.879998e+02 0 1.670848e+01 -4.006088e+00 4.639429e-03 
1.265331e+03 2.879999e+02 0 1.669811e+01 -3.975101e+00 2.261995e-03 
1.304399e+03 2.880001e+02 0 1.669721e+01 -3.959273e+00 9.682706e-04 
1.344638e+03 2.880004e+02 0 1.669733e+01 -3.948665e+00 4.427780e-04 
1.386085e+03 2.880006e+02 0 1.669872e+01 -3.943440e+00 1.735427e-04 
1.428775e+03 2.880008e+02 0 1.669958e+01 -3.940684e+00 6.787111e-05 
1.472746e+03 2.880009e+02 0 1.669989e+01 -3.940115e+00 2.739715e-05 
1.518036e+03 2.880008e+02 0 1.669997e+01 -3.940022e+00 1.001137e-05 
1.564684e+03 2.880007e+02 0 1.669999e+01 -3.940005e+00 3.592555e-06 
1.612733e+03 2.880009e+02 0 1.670000e+01 -3.940002e+00 1.277062e-06 
1.662222e+03 2.880010e+02 0 1.670000e+01 -3.940001e+00 4.459534e-07 
1.713196e+03 2.880013e+02 0 1.670000e+01 -3.940000e+00 1.518331e-07 
1.765700e+03 2.880015e+02 0 1.670000e+01 -3.940000e+00 5.047171e-08 
1.819778e+03 2.880009e+02 0 1.670000e+01 -3.940000e+00 1.645400e-08 
1.875479e+03 2.880009e+02 0 1.670000e+01 -3.940000e+00 5.240183e-09 
1.932851e+03 2.880007e+02 0 1.670000e+01 -3.940000e+00 1.619512e-09 
1.991945e+03 2.880001e+02 0 1.670000e+01 -3.940000e+00 4.904514e-10 
2.052811e+03 2.879998e+02 0 1.670000e+01 -3.940000e+00 1.444676e-10 
2.115502e+03 2.879994e+02 0 1.670000e+01 -3.940000e+00 4.110286e-11 
2.180075e+03 2.880003e+02 0 1.670000e+01 -3.940000e+00 1.119068e-11 
2.246585e+03 2.880015e+02 0 1.670000e+01 -3.940000e+00 2.926104e-12 
2.315090e+03 2.880010e+02 0 1.670000e+01 -3.940000e+00 7.704676e-13 
2.385650e+03 2.880012e+02 0 1.670000e+01 -3.940000e+00 2.004672e-13 
2.458327e+03 2.880010e+02 0 1.670000e+01 -3.940000e+00 5.059490e-14 
2.533185e+03 2.880031e+02 0 1.670000e+01 -3.940000e+00 1.325477e-14 
2.610288e+03 2.880031e+02 0 1.670000e+01 -3.940000e+00 1.325477e-14 
