#scalar.inp
#z,height, sv0, sv1
5.000000e-01 0 0 
1.500000e+00 0 0 
2.500000e+00 0 0 
3.500000e+00 0 0 
4.500000e+00 0 0 
5.500000e+00 0 0 
6.500000e+00 0 0 
7.500000e+00 0 0 
8.500000e+00 0 0 
9.500000e+00 0 0 
1.050000e+01 0 0 
1.150000e+01 0 0 
1.250000e+01 0 0 
1.350000e+01 0 0 
1.501259e+01 0 0 
1.657056e+01 0 0 
1.817526e+01 0 0 
1.982811e+01 0 0 
2.153054e+01 0 0 
2.328405e+01 0 0 
2.509016e+01 0 0 
2.695046e+01 0 0 
2.886656e+01 0 0 
3.084015e+01 0 0 
3.287294e+01 0 0 
3.496672e+01 0 0 
3.712331e+01 0 0 
3.934460e+01 0 0 
4.163253e+01 0 0 
4.398909e+01 0 0 
4.641635e+01 0 0 
4.891643e+01 0 0 
5.149152e+01 0 0 
5.414385e+01 0 0 
5.687576e+01 0 0 
5.968962e+01 0 0 
6.258790e+01 0 0 
6.557313e+01 0 0 
6.864791e+01 0 0 
7.181494e+01 0 0 
7.507697e+01 0 0 
7.843687e+01 0 0 
8.189757e+01 0 0 
8.546208e+01 0 0 
8.913354e+01 0 0 
9.291513e+01 0 0 
9.681018e+01 0 0 
1.008221e+02 0 0 
1.049543e+02 0 0 
1.092105e+02 0 0 
1.135944e+02 0 0 
1.181099e+02 0 0 
1.227608e+02 0 0 
1.275512e+02 0 0 
1.324853e+02 0 0 
1.375674e+02 0 0 
1.428021e+02 0 0 
1.481937e+02 0 0 
1.537471e+02 0 0 
1.594671e+02 0 0 
1.653587e+02 0 0 
1.714271e+02 0 0 
1.776775e+02 0 0 
1.841154e+02 0 0 
1.907464e+02 0 0 
1.975764e+02 0 0 
2.046113e+02 0 0 
2.118572e+02 0 0 
2.193205e+02 0 0 
2.270077e+02 0 0 
2.349256e+02 0 0 
2.430809e+02 0 0 
2.514809e+02 0 0 
2.601330e+02 0 0 
2.690445e+02 0 0 
2.782235e+02 0 0 
2.876778e+02 0 0 
2.974157e+02 0 0 
3.074457e+02 0 0 
3.177767e+02 0 0 
3.284176e+02 0 0 
3.393777e+02 0 0 
3.506666e+02 0 0 
3.622942e+02 0 0 
3.742706e+02 0 0 
3.866063e+02 0 0 
3.993121e+02 0 0 
4.123991e+02 0 0 
4.258786e+02 0 0 
4.397626e+02 0 0 
4.540630e+02 0 0 
4.687925e+02 0 0 
4.839639e+02 0 0 
4.995904e+02 0 0 
5.156857e+02 0 0 
5.322639e+02 0 0 
5.493394e+02 0 0 
5.669271e+02 0 0 
5.850425e+02 0 0 
6.037014e+02 0 0 
6.229200e+02 0 0 
6.427152e+02 0 0 
6.631043e+02 0 0 
6.841050e+02 0 0 
7.057357e+02 0 0 
7.280154e+02 0 0 
7.509634e+02 0 0 
7.745999e+02 0 0 
7.989455e+02 0 0 
8.240215e+02 0 0 
8.498497e+02 0 0 
8.764528e+02 0 0 
9.038540e+02 0 0 
9.320772e+02 0 0 
9.611471e+02 0 0 
9.910891e+02 0 0 
1.021929e+03 0 0 
1.053695e+03 0 0 
1.086413e+03 0 0 
1.120113e+03 0 0 
1.154824e+03 0 0 
1.190577e+03 0 0 
1.227401e+03 0 0 
1.265331e+03 0 0 
1.304399e+03 0 0 
1.344638e+03 0 0 
1.386085e+03 0 0 
1.428775e+03 0 0 
1.472746e+03 0 0 
1.518036e+03 0 0 
1.564684e+03 0 0 
1.612733e+03 0 0 
1.662222e+03 0 0 
1.713196e+03 0 0 
1.765700e+03 0 0 
1.819778e+03 0 0 
1.875479e+03 0 0 
1.932851e+03 0 0 
1.991945e+03 0 0 
2.052810e+03 0 0 
2.115502e+03 0 0 
2.180075e+03 0 0 
2.246585e+03 0 0 
2.315090e+03 0 0 
2.385650e+03 0 0 
2.458327e+03 0 0 
2.533185e+03 0 0 
2.610288e+03 0 0 
